MEME version 4

ALPHABET= ACGT

strands: + -

Background letter frequencies
A 0.25 C 0.25 G 0.25 T 0.25

MOTIF MA0004.1 MA0004.1.Arnt
letter-probability matrix: alength= 4 w= 6 nsites= 20 E= 0
 0.200000  0.800000  0.000000  0.000000
 0.950000  0.000000  0.050000  0.000000
 0.000000  1.000000  0.000000  0.000000
 0.000000  0.000000  1.000000  0.000000
 0.000000  0.000000  0.000000  1.000000
 0.000000  0.000000  1.000000  0.000000
URL http://jaspar.genereg.net/matrix/MA0004.1

MOTIF MA0006.1 MA0006.1.Ahr::Arnt
letter-probability matrix: alength= 4 w= 6 nsites= 24 E= 0
 0.125000  0.333333  0.083333  0.458333
 0.000000  0.000000  0.958333  0.041667
 0.000000  0.958333  0.000000  0.041667
 0.000000  0.000000  0.958333  0.041667
 0.000000  0.000000  0.000000  1.000000
 0.000000  0.000000  1.000000  0.000000
URL http://jaspar.genereg.net/matrix/MA0006.1

MOTIF MA0009.1 MA0009.1.Tbxt
letter-probability matrix: alength= 4 w= 11 nsites= 40 E= 0
 0.050000  0.700000  0.200000  0.050000
 0.025000  0.025000  0.000000  0.950000
 1.000000  0.000000  0.000000  0.000000
 0.000000  0.000000  1.000000  0.000000
 0.000000  0.000000  1.000000  0.000000
 0.000000  0.000000  0.000000  1.000000
 0.000000  0.000000  1.000000  0.000000
 0.000000  0.050000  0.000000  0.950000
 0.025000  0.175000  0.700000  0.100000
 1.000000  0.000000  0.000000  0.000000
 0.775000  0.125000  0.000000  0.100000
URL http://jaspar.genereg.net/matrix/MA0009.1

MOTIF MA0014.1 MA0014.1.Pax5
letter-probability matrix: alength= 4 w= 20 nsites= 12 E= 0
 0.333333  0.083333  0.333333  0.250000
 0.333333  0.000000  0.666667  0.000000
 0.333333  0.250000  0.250000  0.166667
 0.083333  0.166667  0.416667  0.333333
 0.166667  0.583333  0.083333  0.166667
 0.583333  0.166667  0.083333  0.166667
 0.166667  0.416667  0.250000  0.166667
 0.000000  0.250000  0.166667  0.583333
 0.083333  0.166667  0.666667  0.083333
 0.500000  0.083333  0.250000  0.166667
 0.500000  0.000000  0.166667  0.333333
 0.000000  0.000000  1.000000  0.000000
 0.166667  0.666667  0.083333  0.083333
 0.250000  0.000000  0.750000  0.000000
 0.083333  0.000000  0.333333  0.583333
 0.500000  0.083333  0.416667  0.000000
 0.416667  0.083333  0.416667  0.083333
 0.166667  0.833333  0.000000  0.000000
 0.166667  0.416667  0.416667  0.000000
 0.416667  0.000000  0.500000  0.083333
URL http://jaspar.genereg.net/matrix/MA0014.1

MOTIF MA0027.1 MA0027.1.En1
letter-probability matrix: alength= 4 w= 11 nsites= 10 E= 0
 0.400000  0.100000  0.200000  0.300000
 0.500000  0.200000  0.200000  0.100000
 0.300000  0.000000  0.700000  0.000000
 0.000000  0.000000  0.200000  0.800000
 0.400000  0.000000  0.300000  0.300000
 0.300000  0.000000  0.700000  0.000000
 0.300000  0.000000  0.000000  0.700000
 0.200000  0.100000  0.400000  0.300000
 0.100000  0.300000  0.300000  0.300000
 0.100000  0.400000  0.100000  0.400000
 0.100000  0.600000  0.100000  0.200000
URL http://jaspar.genereg.net/matrix/MA0027.1

MOTIF MA0029.1 MA0029.1.Mecom
letter-probability matrix: alength= 4 w= 14 nsites= 27 E= 0
 0.518519  0.074074  0.222222  0.185185
 0.740741  0.037037  0.074074  0.148148
 0.000000  0.037037  0.925926  0.037037
 1.000000  0.000000  0.000000  0.000000
 0.037037  0.370370  0.000000  0.592593
 1.000000  0.000000  0.000000  0.000000
 0.962963  0.000000  0.037037  0.000000
 0.000000  0.000000  1.000000  0.000000
 1.000000  0.000000  0.000000  0.000000
 0.000000  0.111111  0.000000  0.888889
 0.888889  0.037037  0.000000  0.074074
 0.851852  0.000000  0.148148  0.000000
 0.222222  0.259259  0.259259  0.259259
 0.555556  0.222222  0.111111  0.111111
URL http://jaspar.genereg.net/matrix/MA0029.1

MOTIF MA0035.1 MA0035.1.Gata1
letter-probability matrix: alength= 4 w= 6 nsites= 53 E= 0
 0.245283  0.264151  0.283019  0.207547
 0.000000  0.000000  1.000000  0.000000
 0.943396  0.037736  0.000000  0.018868
 0.018868  0.000000  0.018868  0.962264
 0.245283  0.113208  0.471698  0.169811
 0.113208  0.301887  0.415094  0.169811
URL http://jaspar.genereg.net/matrix/MA0035.1

MOTIF MA0039.1 MA0039.1.Klf4
letter-probability matrix: alength= 4 w= 10 nsites= 49 E= 0
 0.367347  0.183673  0.040816  0.408163
 0.673469  0.000000  0.265306  0.061224
 0.612245  0.061224  0.306122  0.020408
 0.469388  0.020408  0.387755  0.122449
 0.265306  0.122449  0.591837  0.020408
 0.408163  0.081633  0.469388  0.040816
 0.734694  0.081633  0.102041  0.081633
 0.653061  0.040816  0.265306  0.040816
 0.265306  0.020408  0.673469  0.040816
 0.040816  0.020408  0.938776  0.000000
URL http://jaspar.genereg.net/matrix/MA0039.1

MOTIF MA0060.1 MA0060.1.NFYA
letter-probability matrix: alength= 4 w= 16 nsites= 116 E= 0
 0.293103  0.318966  0.232759  0.155172
 0.137931  0.284483  0.224138  0.353448
 0.060345  0.439655  0.215517  0.284483
 0.500000  0.120690  0.353448  0.025862
 0.439655  0.034483  0.482759  0.043103
 0.000000  1.000000  0.000000  0.000000
 0.017241  0.974138  0.008621  0.000000
 0.965517  0.000000  0.008621  0.025862
 1.000000  0.000000  0.000000  0.000000
 0.000000  0.008621  0.000000  0.991379
 0.120690  0.560345  0.284483  0.034483
 0.568966  0.051724  0.362069  0.017241
 0.112069  0.172414  0.629310  0.086207
 0.336207  0.370690  0.189655  0.103448
 0.310345  0.077586  0.405172  0.206897
 0.215517  0.301724  0.250000  0.232759
URL http://jaspar.genereg.net/matrix/MA0060.1

MOTIF MA0105.1 MA0105.1.NFKB1
letter-probability matrix: alength= 4 w= 10 nsites= 38 E= 0
 0.000000  0.000000  1.000000  0.000000
 0.000000  0.000000  1.000000  0.000000
 0.026316  0.000000  0.973684  0.000000
 0.657895  0.000000  0.342105  0.000000
 0.500000  0.342105  0.026316  0.131579
 0.184211  0.026316  0.078947  0.710526
 0.026316  0.052632  0.052632  0.868421
 0.052632  0.447368  0.000000  0.500000
 0.052632  0.921053  0.000000  0.026316
 0.000000  0.947368  0.000000  0.052632
URL http://jaspar.genereg.net/matrix/MA0105.1

MOTIF MA0063.1 MA0063.1.Nkx2-5
letter-probability matrix: alength= 4 w= 7 nsites= 17 E= 0
 0.411765  0.000000  0.058824  0.529412
 0.000000  0.235294  0.000000  0.764706
 1.000000  0.000000  0.000000  0.000000
 1.000000  0.000000  0.000000  0.000000
 0.000000  0.000000  0.411765  0.588235
 0.235294  0.117647  0.000000  0.647059
 0.117647  0.058824  0.647059  0.176471
URL http://jaspar.genereg.net/matrix/MA0063.1

MOTIF MA0067.1 MA0067.1.Pax2
letter-probability matrix: alength= 4 w= 8 nsites= 31 E= 0
 0.322581  0.225806  0.161290  0.290323
 0.225806  0.032258  0.677419  0.064516
 0.096774  0.064516  0.000000  0.838710
 0.000000  0.903226  0.032258  0.064516
 0.838710  0.032258  0.096774  0.032258
 0.064516  0.548387  0.032258  0.354839
 0.064516  0.000000  0.612903  0.322581
 0.032258  0.354839  0.354839  0.258065
URL http://jaspar.genereg.net/matrix/MA0067.1

MOTIF MA0068.1 MA0068.1.Pax4
letter-probability matrix: alength= 4 w= 30 nsites= 21 E= 0
 0.333333  0.095238  0.523810  0.047619
 0.952381  0.000000  0.047619  0.000000
 0.761905  0.095238  0.047619  0.095238
 0.523810  0.047619  0.047619  0.380952
 0.619048  0.047619  0.142857  0.190476
 0.523810  0.142857  0.047619  0.285714
 0.285714  0.047619  0.095238  0.571429
 0.428571  0.047619  0.047619  0.476190
 0.238095  0.142857  0.285714  0.333333
 0.238095  0.523810  0.047619  0.190476
 0.285714  0.523810  0.190476  0.000000
 0.333333  0.333333  0.238095  0.095238
 0.380952  0.333333  0.095238  0.190476
 0.285714  0.238095  0.047619  0.428571
 0.476190  0.238095  0.190476  0.095238
 0.190476  0.380952  0.190476  0.238095
 0.142857  0.285714  0.190476  0.380952
 0.333333  0.380952  0.142857  0.142857
 0.190476  0.428571  0.142857  0.238095
 0.428571  0.285714  0.095238  0.190476
 0.238095  0.333333  0.238095  0.190476
 0.238095  0.285714  0.095238  0.380952
 0.333333  0.523810  0.000000  0.142857
 0.285714  0.428571  0.047619  0.238095
 0.142857  0.571429  0.095238  0.190476
 0.333333  0.428571  0.095238  0.142857
 0.142857  0.571429  0.095238  0.190476
 0.047619  0.523810  0.142857  0.285714
 0.285714  0.523810  0.047619  0.142857
 0.142857  0.619048  0.095238  0.142857
URL http://jaspar.genereg.net/matrix/MA0068.1

MOTIF MA0075.1 MA0075.1.Prrx2
letter-probability matrix: alength= 4 w= 5 nsites= 59 E= 0
 0.881356  0.033898  0.067797  0.016949
 1.000000  0.000000  0.000000  0.000000
 0.000000  0.000000  0.016949  0.983051
 0.000000  0.000000  0.000000  1.000000
 0.983051  0.000000  0.016949  0.000000
URL http://jaspar.genereg.net/matrix/MA0075.1

MOTIF MA0078.1 MA0078.1.Sox17
letter-probability matrix: alength= 4 w= 9 nsites= 31 E= 0
 0.225806  0.290323  0.193548  0.290323
 0.258065  0.258065  0.129032  0.354839
 0.096774  0.580645  0.032258  0.290323
 0.967742  0.000000  0.000000  0.032258
 0.000000  0.032258  0.000000  0.967742
 0.000000  0.000000  0.000000  1.000000
 0.000000  0.000000  1.000000  0.000000
 0.000000  0.000000  0.064516  0.935484
 0.000000  0.548387  0.322581  0.129032
URL http://jaspar.genereg.net/matrix/MA0078.1

MOTIF MA0087.1 MA0087.1.Sox5
letter-probability matrix: alength= 4 w= 7 nsites= 23 E= 0
 1.000000  0.000000  0.000000  0.000000
 0.000000  0.000000  0.043478  0.956522
 0.000000  0.000000  0.000000  1.000000
 0.043478  0.000000  0.956522  0.000000
 0.000000  0.043478  0.000000  0.956522
 0.043478  0.043478  0.000000  0.913043
 0.347826  0.130435  0.173913  0.347826
URL http://jaspar.genereg.net/matrix/MA0087.1

MOTIF MA0092.1 MA0092.1.Hand1::Tcf3
letter-probability matrix: alength= 4 w= 10 nsites= 29 E= 0
 0.137931  0.275862  0.344828  0.241379
 0.344828  0.000000  0.517241  0.137931
 0.068966  0.068966  0.034483  0.827586
 0.000000  0.965517  0.000000  0.034483
 0.000000  0.000000  0.000000  1.000000
 0.000000  0.000000  1.000000  0.000000
 0.000000  0.103448  0.862069  0.034483
 0.310345  0.482759  0.034483  0.172414
 0.551724  0.000000  0.103448  0.344828
 0.172414  0.137931  0.137931  0.551724
URL http://jaspar.genereg.net/matrix/MA0092.1

MOTIF MA0099.1 MA0099.1.Fos::Jun
letter-probability matrix: alength= 4 w= 8 nsites= 19 E= 0
 0.263158  0.105263  0.631579  0.000000
 0.000000  0.000000  0.000000  1.000000
 0.000000  0.052632  0.947368  0.000000
 0.947368  0.052632  0.000000  0.000000
 0.052632  0.315789  0.473684  0.157895
 0.052632  0.052632  0.000000  0.894737
 0.315789  0.684211  0.000000  0.000000
 0.947368  0.000000  0.000000  0.052632
URL http://jaspar.genereg.net/matrix/MA0099.1

MOTIF MA0100.1 MA0100.1.Myb
letter-probability matrix: alength= 4 w= 8 nsites= 51 E= 0
 0.156863  0.078431  0.666667  0.098039
 0.431373  0.019608  0.490196  0.058824
 0.039216  0.941176  0.019608  0.000000
 0.313725  0.333333  0.313725  0.039216
 0.019608  0.000000  0.980392  0.000000
 0.039216  0.019608  0.000000  0.941176
 0.000000  0.000000  0.000000  1.000000
 0.117647  0.000000  0.862745  0.019608
URL http://jaspar.genereg.net/matrix/MA0100.1

MOTIF MA0102.1 MA0102.1.Cebpa
letter-probability matrix: alength= 4 w= 12 nsites= 18 E= 0
 0.166667  0.000000  0.000000  0.833333
 0.055556  0.055556  0.222222  0.666667
 0.222222  0.055556  0.333333  0.388889
 0.111111  0.500000  0.111111  0.277778
 0.222222  0.111111  0.555556  0.111111
 0.111111  0.833333  0.000000  0.055556
 1.000000  0.000000  0.000000  0.000000
 1.000000  0.000000  0.000000  0.000000
 0.000000  0.333333  0.111111  0.555556
 0.277778  0.333333  0.277778  0.111111
 0.111111  0.277778  0.166667  0.444444
 0.055556  0.333333  0.277778  0.333333
URL http://jaspar.genereg.net/matrix/MA0102.1

MOTIF MA0104.1 MA0104.1.Mycn
letter-probability matrix: alength= 4 w= 6 nsites= 31 E= 0
 0.000000  1.000000  0.000000  0.000000
 0.935484  0.000000  0.000000  0.064516
 0.000000  0.967742  0.000000  0.032258
 0.064516  0.032258  0.903226  0.000000
 0.000000  0.096774  0.000000  0.903226
 0.000000  0.000000  1.000000  0.000000
URL http://jaspar.genereg.net/matrix/MA0104.1

MOTIF MA0111.1 MA0111.1.Spz1
letter-probability matrix: alength= 4 w= 11 nsites= 12 E= 0
 0.750000  0.000000  0.250000  0.000000
 0.000000  0.166667  0.750000  0.083333
 0.166667  0.000000  0.833333  0.000000
 0.000000  0.000000  0.916667  0.083333
 0.083333  0.000000  0.083333  0.833333
 0.666667  0.000000  0.000000  0.333333
 0.500000  0.000000  0.166667  0.333333
 0.083333  0.750000  0.166667  0.000000
 0.833333  0.000000  0.166667  0.000000
 0.000000  0.083333  0.750000  0.166667
 0.166667  0.666667  0.166667  0.000000
URL http://jaspar.genereg.net/matrix/MA0111.1

MOTIF MA0112.1 MA0112.1.ESR1
letter-probability matrix: alength= 4 w= 18 nsites= 9 E= 0
 0.111111  0.555556  0.111111  0.222222
 0.111111  0.555556  0.111111  0.222222
 0.777778  0.111111  0.111111  0.000000
 0.222222  0.000000  0.777778  0.000000
 0.000000  0.000000  1.000000  0.000000
 0.000000  0.000000  0.000000  1.000000
 0.000000  0.777778  0.222222  0.000000
 0.666667  0.000000  0.222222  0.111111
 0.111111  0.777778  0.111111  0.000000
 0.222222  0.555556  0.111111  0.111111
 0.333333  0.222222  0.444444  0.000000
 0.111111  0.111111  0.111111  0.666667
 0.111111  0.000000  0.888889  0.000000
 0.555556  0.111111  0.333333  0.000000
 0.000000  0.888889  0.000000  0.111111
 0.000000  1.000000  0.000000  0.000000
 0.222222  0.444444  0.000000  0.333333
 0.333333  0.444444  0.111111  0.111111
URL http://jaspar.genereg.net/matrix/MA0112.1

MOTIF MA0113.1 MA0113.1.NR3C1
letter-probability matrix: alength= 4 w= 18 nsites= 9 E= 0
 0.333333  0.222222  0.444444  0.000000
 0.444444  0.000000  0.555556  0.000000
 0.333333  0.000000  0.666667  0.000000
 0.777778  0.000000  0.111111  0.111111
 0.666667  0.111111  0.111111  0.111111
 0.111111  0.666667  0.222222  0.000000
 0.888889  0.000000  0.111111  0.000000
 0.222222  0.000000  0.222222  0.555556
 0.333333  0.222222  0.000000  0.444444
 0.555556  0.333333  0.000000  0.111111
 0.111111  0.333333  0.000000  0.555556
 0.000000  0.000000  0.888889  0.111111
 0.111111  0.000000  0.000000  0.888889
 0.222222  0.444444  0.000000  0.333333
 0.000000  0.888889  0.111111  0.000000
 0.111111  0.222222  0.111111  0.555556
 0.444444  0.000000  0.444444  0.111111
 0.333333  0.111111  0.222222  0.333333
URL http://jaspar.genereg.net/matrix/MA0113.1

MOTIF MA0122.1 MA0122.1.Nkx3-2
letter-probability matrix: alength= 4 w= 9 nsites= 24 E= 0
 0.166667  0.291667  0.166667  0.375000
 0.041667  0.166667  0.208333  0.583333
 0.541667  0.041667  0.291667  0.125000
 1.000000  0.000000  0.000000  0.000000
 0.000000  0.000000  1.000000  0.000000
 0.000000  0.000000  0.000000  1.000000
 0.250000  0.000000  0.750000  0.000000
 0.166667  0.250000  0.500000  0.083333
 0.375000  0.291667  0.208333  0.125000
URL http://jaspar.genereg.net/matrix/MA0122.1

MOTIF MA0125.1 MA0125.1.Nobox
letter-probability matrix: alength= 4 w= 8 nsites= 38 E= 0
 0.000000  0.026316  0.000000  0.973684
 0.947368  0.000000  0.000000  0.052632
 1.000000  0.000000  0.000000  0.000000
 0.026316  0.026316  0.052632  0.894737
 0.052632  0.000000  0.105263  0.842105
 0.394737  0.000000  0.578947  0.026316
 0.105263  0.315789  0.473684  0.105263
 0.052632  0.342105  0.157895  0.447368
URL http://jaspar.genereg.net/matrix/MA0125.1

MOTIF MA0132.1 MA0132.1.Pdx1
letter-probability matrix: alength= 4 w= 6 nsites= 31 E= 0
 0.032258  0.612903  0.161290  0.193548
 0.000000  0.000000  0.000000  1.000000
 1.000000  0.000000  0.000000  0.000000
 1.000000  0.000000  0.000000  0.000000
 0.000000  0.000000  0.032258  0.967742
 0.032258  0.032258  0.322581  0.612903
URL http://jaspar.genereg.net/matrix/MA0132.1

MOTIF MA0135.1 MA0135.1.Lhx3
letter-probability matrix: alength= 4 w= 13 nsites= 20 E= 0
 0.450000  0.000000  0.150000  0.400000
 0.800000  0.100000  0.100000  0.000000
 0.950000  0.000000  0.000000  0.050000
 0.000000  0.000000  0.000000  1.000000
 0.000000  0.000000  0.000000  1.000000
 0.950000  0.000000  0.000000  0.050000
 1.000000  0.000000  0.000000  0.000000
 0.100000  0.100000  0.000000  0.800000
 0.000000  0.050000  0.000000  0.950000
 0.800000  0.050000  0.000000  0.150000
 0.450000  0.000000  0.150000  0.400000
 0.100000  0.400000  0.000000  0.500000
 0.100000  0.450000  0.150000  0.300000
URL http://jaspar.genereg.net/matrix/MA0135.1

MOTIF MA0136.1 MA0136.1.ELF5
letter-probability matrix: alength= 4 w= 9 nsites= 44 E= 0
 0.272727  0.204545  0.068182  0.454545
 0.659091  0.068182  0.159091  0.113636
 0.045455  0.454545  0.113636  0.386364
 0.318182  0.000000  0.022727  0.659091
 0.000000  0.022727  0.000000  0.977273
 0.000000  1.000000  0.000000  0.000000
 0.000000  1.000000  0.000000  0.000000
 0.090909  0.068182  0.250000  0.590909
 0.090909  0.181818  0.250000  0.477273
URL http://jaspar.genereg.net/matrix/MA0136.1

MOTIF MA0140.1 MA0140.1.Gata1::Tal1
letter-probability matrix: alength= 4 w= 18 nsites= 2942 E= 0
 0.135962  0.451734  0.210061  0.202243
 0.088715  0.150918  0.176751  0.583617
 0.044497  0.061821  0.652514  0.241168
 0.089983  0.253311  0.416978  0.239728
 0.227165  0.215620  0.263158  0.294058
 0.238031  0.233277  0.306621  0.222071
 0.225390  0.252885  0.318398  0.203327
 0.241941  0.237190  0.302341  0.218527
 0.248898  0.224483  0.292302  0.234317
 0.338086  0.138153  0.319077  0.204684
 0.178947  0.397963  0.305942  0.117148
 0.664744  0.010519  0.012555  0.312182
 0.001018  0.002376  0.996606  0.000000
 0.993553  0.002375  0.000679  0.003393
 0.005433  0.008829  0.010187  0.975552
 0.941216  0.002039  0.007815  0.048930
 0.809378  0.017329  0.127761  0.045532
 0.186054  0.187075  0.544558  0.082313
URL http://jaspar.genereg.net/matrix/MA0140.1

MOTIF MA0141.1 MA0141.1.Esrrb
letter-probability matrix: alength= 4 w= 12 nsites= 3632 E= 0
 0.290198  0.220264  0.271200  0.218337
 0.184941  0.227810  0.376477  0.210772
 0.115226  0.332236  0.331687  0.220850
 0.070959  0.342466  0.122740  0.463836
 0.084862  0.729264  0.171640  0.014235
 0.909737  0.008753  0.067834  0.013676
 0.975656  0.000547  0.016411  0.007385
 0.008758  0.001368  0.981390  0.008484
 0.005750  0.003286  0.986309  0.004655
 0.049904  0.012613  0.066904  0.870579
 0.002473  0.927473  0.046703  0.023352
 0.951569  0.005504  0.035498  0.007430
URL http://jaspar.genereg.net/matrix/MA0141.1

MOTIF MA0142.1 MA0142.1.Pou5f1::Sox2
letter-probability matrix: alength= 4 w= 15 nsites= 1364 E= 0
 0.046188  0.620235  0.048387  0.285191
 0.423865  0.042460  0.020498  0.513177
 0.008047  0.036576  0.026335  0.929042
 0.034332  0.008766  0.057706  0.899196
 0.086194  0.265157  0.602630  0.046019
 0.303141  0.013148  0.021183  0.662527
 0.150475  0.266618  0.135866  0.447042
 0.902118  0.021914  0.017531  0.058437
 0.012418  0.003652  0.010957  0.972973
 0.007305  0.011687  0.905040  0.075968
 0.010234  0.752193  0.094298  0.143275
 0.769231  0.011722  0.021978  0.197070
 0.651248  0.049927  0.231278  0.067548
 0.881705  0.024247  0.055107  0.038942
 0.145481  0.087436  0.152094  0.614989
URL http://jaspar.genereg.net/matrix/MA0142.1

MOTIF MA0143.1 MA0143.1.Sox2
letter-probability matrix: alength= 4 w= 15 nsites= 667 E= 0
 0.040480  0.665667  0.133433  0.160420
 0.029895  0.677130  0.032885  0.260090
 0.488789  0.010463  0.005979  0.494768
 0.002990  0.014948  0.010463  0.971599
 0.020927  0.001495  0.008969  0.968610
 0.056801  0.124066  0.790732  0.028401
 0.127246  0.005988  0.013473  0.853293
 0.095808  0.290419  0.115269  0.498503
 0.612613  0.186186  0.057057  0.144144
 0.039039  0.058559  0.039039  0.863363
 0.040602  0.115789  0.667669  0.175940
 0.048120  0.634586  0.126316  0.190977
 0.641566  0.061747  0.054217  0.242470
 0.551205  0.100904  0.236446  0.111446
 0.730422  0.090361  0.091867  0.087349
URL http://jaspar.genereg.net/matrix/MA0143.1

MOTIF MA0144.1 MA0144.1.Stat3
letter-probability matrix: alength= 4 w= 10 nsites= 613 E= 0
 0.032626  0.030995  0.040783  0.895595
 0.021207  0.016313  0.210440  0.752039
 0.061990  0.900489  0.014682  0.022838
 0.009788  0.882545  0.001631  0.106036
 0.523654  0.034258  0.241436  0.200653
 0.013051  0.000000  0.986949  0.000000
 0.009788  0.003263  0.965742  0.021207
 0.954323  0.034258  0.011419  0.000000
 0.988581  0.001631  0.008157  0.001631
 0.311582  0.024470  0.641109  0.022838
URL http://jaspar.genereg.net/matrix/MA0144.1

MOTIF MA0145.1 MA0145.1.Tfcp2l1
letter-probability matrix: alength= 4 w= 14 nsites= 4066 E= 0
 0.001968  0.925480  0.062715  0.009838
 0.069973  0.807513  0.005401  0.117113
 0.594508  0.005148  0.275803  0.124540
 0.005884  0.023780  0.967149  0.003187
 0.175477  0.336270  0.025698  0.462555
 0.098385  0.289280  0.062163  0.550171
 0.173924  0.397260  0.151174  0.277642
 0.357213  0.224939  0.252323  0.165526
 0.631540  0.069682  0.190954  0.107824
 0.394421  0.051382  0.310497  0.243700
 0.003669  0.933219  0.054795  0.008317
 0.061719  0.812148  0.002939  0.123194
 0.536555  0.007360  0.305937  0.150147
 0.012039  0.028993  0.954791  0.004177
URL http://jaspar.genereg.net/matrix/MA0145.1

MOTIF MA0146.1 MA0146.1.Zfx
letter-probability matrix: alength= 4 w= 14 nsites= 476 E= 0
 0.105042  0.371849  0.376050  0.147059
 0.125786  0.356394  0.360587  0.157233
 0.190377  0.315900  0.416318  0.077406
 0.150313  0.102296  0.622129  0.125261
 0.020790  0.617464  0.299376  0.062370
 0.012474  0.752599  0.004158  0.230769
 0.062370  0.259875  0.378378  0.299376
 0.397089  0.320166  0.251559  0.031185
 0.018711  0.004158  0.975052  0.002079
 0.000000  0.006237  0.991684  0.002079
 0.002079  0.997921  0.000000  0.000000
 0.000000  0.997921  0.000000  0.002079
 0.000000  0.004158  0.000000  0.995842
 0.174636  0.253638  0.455301  0.116424
URL http://jaspar.genereg.net/matrix/MA0146.1

MOTIF MA0147.1 MA0147.1.Myc
letter-probability matrix: alength= 4 w= 10 nsites= 227 E= 0
 0.295154  0.422907  0.158590  0.123348
 0.149780  0.233480  0.572687  0.044053
 0.035242  0.964758  0.000000  0.000000
 0.955947  0.017621  0.022026  0.004405
 0.000000  0.933921  0.013216  0.052863
 0.083700  0.008811  0.898678  0.008811
 0.039648  0.193833  0.000000  0.766520
 0.000000  0.008811  0.951542  0.039648
 0.000000  0.074890  0.806167  0.118943
 0.198238  0.471366  0.105727  0.224670
URL http://jaspar.genereg.net/matrix/MA0147.1

MOTIF MA0062.2 MA0062.2.Gabpa
letter-probability matrix: alength= 4 w= 11 nsites= 989 E= 0
 0.032356  0.776542  0.190091  0.001011
 0.070779  0.924166  0.004044  0.001011
 0.000000  0.000000  0.998991  0.001009
 0.000000  0.000000  1.000000  0.000000
 0.997986  0.001007  0.001007  0.000000
 0.995972  0.002014  0.000000  0.002014
 0.094758  0.032258  0.872984  0.000000
 0.056509  0.263370  0.037336  0.642785
 0.155556  0.138384  0.609091  0.096970
 0.266667  0.264646  0.419192  0.049495
 0.235354  0.360606  0.226263  0.177778
URL http://jaspar.genereg.net/matrix/MA0062.2

MOTIF MA0035.2 MA0035.2.Gata1
letter-probability matrix: alength= 4 w= 11 nsites= 4000 E= 0
 0.355750  0.140000  0.310500  0.193750
 0.177000  0.408250  0.308750  0.106000
 0.695500  0.007750  0.002500  0.294250
 0.000000  0.000000  1.000000  0.000000
 1.000000  0.000000  0.000000  0.000000
 0.006750  0.007250  0.027250  0.958750
 0.971750  0.000000  0.001500  0.026750
 0.887500  0.001000  0.095750  0.015750
 0.199750  0.170250  0.574000  0.056000
 0.358000  0.224250  0.340000  0.077750
 0.371750  0.207250  0.274750  0.146250
URL http://jaspar.genereg.net/matrix/MA0035.2

MOTIF MA0039.2 MA0039.2.Klf4
letter-probability matrix: alength= 4 w= 10 nsites= 4336 E= 0
 0.338561  0.018681  0.235701  0.407057
 0.020276  0.002074  0.976267  0.001382
 0.003223  0.002993  0.990792  0.002993
 0.003221  0.008282  0.984817  0.003681
 0.063693  0.441941  0.002529  0.491837
 0.005064  0.003453  0.983656  0.007827
 0.009671  0.018420  0.501727  0.470182
 0.060872  0.010606  0.899700  0.028822
 0.028400  0.030016  0.874856  0.066728
 0.058742  0.660962  0.064755  0.215541
URL http://jaspar.genereg.net/matrix/MA0039.2

MOTIF MA0002.2 MA0002.2.Runx1
letter-probability matrix: alength= 4 w= 11 nsites= 2000 E= 0
 0.143500  0.248000  0.348000  0.260500
 0.117000  0.242500  0.233500  0.407000
 0.061500  0.536000  0.074500  0.328000
 0.028500  0.000000  0.003500  0.968000
 0.000000  0.037500  0.936000  0.026500
 0.043500  0.063500  0.035000  0.858000
 0.000000  0.000000  0.993500  0.006500
 0.008500  0.021000  0.924000  0.046500
 0.005000  0.200000  0.125500  0.669500
 0.065500  0.231500  0.040500  0.662500
 0.250000  0.079000  0.144500  0.526500
URL http://jaspar.genereg.net/matrix/MA0002.2

MOTIF MA0104.2 MA0104.2.Mycn
letter-probability matrix: alength= 4 w= 10 nsites= 438 E= 0
 0.349315  0.363014  0.143836  0.143836
 0.089041  0.388128  0.447489  0.075342
 0.015982  0.984018  0.000000  0.000000
 0.945205  0.000000  0.041096  0.013699
 0.000000  0.961187  0.018265  0.020548
 0.070776  0.002283  0.924658  0.002283
 0.054795  0.221461  0.004566  0.719178
 0.000000  0.000000  0.938356  0.061644
 0.061644  0.111872  0.739726  0.086758
 0.139269  0.605023  0.091324  0.164384
URL http://jaspar.genereg.net/matrix/MA0104.2

MOTIF MA0047.2 MA0047.2.Foxa2
letter-probability matrix: alength= 4 w= 12 nsites= 808 E= 0
 0.001238  0.001238  0.001238  0.996287
 0.273177  0.003708  0.719407  0.003708
 0.001236  0.001236  0.001236  0.996292
 0.001236  0.003708  0.044499  0.950556
 0.001233  0.001233  0.215783  0.781751
 0.908642  0.004938  0.082716  0.003704
 0.002469  0.895062  0.002469  0.100000
 0.417800  0.095179  0.003708  0.483313
 0.061805  0.327565  0.071693  0.538937
 0.516729  0.007435  0.029740  0.446097
 0.162531  0.065757  0.598015  0.173697
 0.160648  0.242839  0.361146  0.235367
URL http://jaspar.genereg.net/matrix/MA0047.2

MOTIF MA0065.2 MA0065.2.Pparg::Rxra
letter-probability matrix: alength= 4 w= 15 nsites= 857 E= 0
 0.109685  0.369895  0.373396  0.147025
 0.117716  0.193473  0.148019  0.540793
 0.453488  0.026744  0.427907  0.091860
 0.116144  0.003484  0.779326  0.101045
 0.161253  0.017401  0.781903  0.039443
 0.168213  0.149652  0.458237  0.223898
 0.082271  0.633835  0.207416  0.076477
 0.949015  0.024334  0.017381  0.009270
 0.604867  0.055620  0.312862  0.026651
 0.825231  0.005787  0.158565  0.010417
 0.095017  0.002317  0.888760  0.013905
 0.047509  0.010429  0.803013  0.139050
 0.025492  0.114716  0.304751  0.555041
 0.062645  0.643852  0.167053  0.126450
 0.784223  0.067285  0.054524  0.093968
URL http://jaspar.genereg.net/matrix/MA0065.2

MOTIF MA0151.1 MA0151.1.Arid3a
letter-probability matrix: alength= 4 w= 6 nsites= 27 E= 0
 1.000000  0.000000  0.000000  0.000000
 0.000000  0.000000  0.000000  1.000000
 0.037037  0.333333  0.000000  0.629630
 1.000000  0.000000  0.000000  0.000000
 1.000000  0.000000  0.000000  0.000000
 0.740741  0.000000  0.037037  0.222222
URL http://jaspar.genereg.net/matrix/MA0151.1

MOTIF MA0152.1 MA0152.1.NFATC2
letter-probability matrix: alength= 4 w= 7 nsites= 26 E= 0
 0.115385  0.038462  0.076923  0.769231
 0.038462  0.076923  0.076923  0.807692
 0.038462  0.038462  0.000000  0.923077
 0.000000  0.000000  0.000000  1.000000
 0.038462  0.961538  0.000000  0.000000
 0.000000  1.000000  0.000000  0.000000
 0.692308  0.115385  0.038462  0.153846
URL http://jaspar.genereg.net/matrix/MA0152.1

MOTIF MA0153.1 MA0153.1.HNF1B
letter-probability matrix: alength= 4 w= 12 nsites= 9 E= 0
 0.000000  0.333333  0.000000  0.666667
 0.000000  0.333333  0.000000  0.666667
 0.888889  0.111111  0.000000  0.000000
 0.777778  0.111111  0.111111  0.000000
 0.000000  0.000000  0.000000  1.000000
 0.555556  0.000000  0.444444  0.000000
 0.333333  0.000000  0.111111  0.555556
 0.000000  0.000000  0.111111  0.888889
 0.000000  0.000000  0.000000  1.000000
 0.888889  0.000000  0.111111  0.000000
 1.000000  0.000000  0.000000  0.000000
 0.000000  0.888889  0.000000  0.111111
URL http://jaspar.genereg.net/matrix/MA0153.1

MOTIF MA0154.1 MA0154.1.EBF1
letter-probability matrix: alength= 4 w= 10 nsites= 25 E= 0
 0.440000  0.360000  0.080000  0.120000
 0.000000  0.880000  0.000000  0.120000
 0.040000  0.640000  0.040000  0.280000
 0.080000  0.800000  0.000000  0.120000
 0.440000  0.360000  0.000000  0.200000
 0.640000  0.040000  0.200000  0.120000
 0.000000  0.000000  1.000000  0.000000
 0.080000  0.000000  0.920000  0.000000
 0.000000  0.000000  1.000000  0.000000
 0.840000  0.000000  0.160000  0.000000
URL http://jaspar.genereg.net/matrix/MA0154.1

MOTIF MA0157.1 MA0157.1.FOXO3
letter-probability matrix: alength= 4 w= 8 nsites= 13 E= 0
 0.000000  0.000000  0.384615  0.615385
 0.076923  0.153846  0.769231  0.000000
 0.230769  0.000000  0.076923  0.692308
 1.000000  0.000000  0.000000  0.000000
 0.923077  0.076923  0.000000  0.000000
 1.000000  0.000000  0.000000  0.000000
 0.000000  0.923077  0.000000  0.076923
 0.923077  0.000000  0.000000  0.076923
URL http://jaspar.genereg.net/matrix/MA0157.1

MOTIF MA0158.1 MA0158.1.HOXA5
letter-probability matrix: alength= 4 w= 8 nsites= 15 E= 0
 0.133333  0.866667  0.000000  0.000000
 0.437500  0.000000  0.312500  0.250000
 0.000000  0.437500  0.312500  0.250000
 0.375000  0.000000  0.062500  0.562500
 0.875000  0.000000  0.000000  0.125000
 0.875000  0.000000  0.125000  0.000000
 0.000000  0.000000  0.000000  1.000000
 0.000000  0.062500  0.375000  0.562500
URL http://jaspar.genereg.net/matrix/MA0158.1

MOTIF MA0160.1 MA0160.1.NR4A2
letter-probability matrix: alength= 4 w= 8 nsites= 13 E= 0
 0.615385  0.076923  0.230769  0.076923
 0.928571  0.000000  0.071429  0.000000
 0.000000  0.000000  0.928571  0.071429
 0.214286  0.000000  0.785714  0.000000
 0.142857  0.142857  0.000000  0.714286
 0.000000  0.928571  0.000000  0.071429
 1.000000  0.000000  0.000000  0.000000
 0.230769  0.615385  0.153846  0.000000
URL http://jaspar.genereg.net/matrix/MA0160.1

MOTIF MA0162.1 MA0162.1.Egr1
letter-probability matrix: alength= 4 w= 11 nsites= 15 E= 0
 0.200000  0.266667  0.066667  0.466667
 0.133333  0.066667  0.800000  0.000000
 0.000000  0.866667  0.000000  0.133333
 0.000000  0.000000  1.000000  0.000000
 0.000000  0.000000  0.200000  0.800000
 0.200000  0.000000  0.800000  0.000000
 0.066667  0.000000  0.933333  0.000000
 0.000000  0.000000  1.000000  0.000000
 0.133333  0.666667  0.000000  0.200000
 0.000000  0.000000  1.000000  0.000000
 0.066667  0.000000  0.466667  0.466667
URL http://jaspar.genereg.net/matrix/MA0162.1

MOTIF MA0164.1 MA0164.1.Nr2e3
letter-probability matrix: alength= 4 w= 7 nsites= 23 E= 0
 0.173913  0.521739  0.086957  0.217391
 1.000000  0.000000  0.000000  0.000000
 1.000000  0.000000  0.000000  0.000000
 0.000000  0.043478  0.956522  0.000000
 0.000000  1.000000  0.000000  0.000000
 0.000000  0.000000  0.000000  1.000000
 0.000000  0.000000  0.000000  1.000000
URL http://jaspar.genereg.net/matrix/MA0164.1

MOTIF MA0018.2 MA0018.2.CREB1
letter-probability matrix: alength= 4 w= 8 nsites= 11 E= 0
 0.000000  0.090909  0.090909  0.818182
 0.000000  0.090909  0.909091  0.000000
 1.000000  0.000000  0.000000  0.000000
 0.000000  0.818182  0.181818  0.000000
 0.090909  0.000000  0.909091  0.000000
 0.000000  0.272727  0.000000  0.727273
 0.181818  0.636364  0.090909  0.090909
 0.727273  0.000000  0.090909  0.181818
URL http://jaspar.genereg.net/matrix/MA0018.2

MOTIF MA0099.2 MA0099.2.FOS::JUN
letter-probability matrix: alength= 4 w= 7 nsites= 18 E= 0
 0.000000  0.055556  0.000000  0.944444
 0.000000  0.000000  0.833333  0.166667
 0.888889  0.111111  0.000000  0.000000
 0.277778  0.666667  0.055556  0.000000
 0.166667  0.000000  0.055556  0.777778
 0.000000  0.833333  0.166667  0.000000
 0.888889  0.000000  0.055556  0.055556
URL http://jaspar.genereg.net/matrix/MA0099.2

MOTIF MA0079.2 MA0079.2.SP1
letter-probability matrix: alength= 4 w= 10 nsites= 35 E= 0
 0.000000  0.914286  0.028571  0.057143
 0.000000  0.857143  0.028571  0.114286
 0.000000  1.000000  0.000000  0.000000
 0.114286  0.771429  0.000000  0.114286
 0.057143  0.142857  0.428571  0.371429
 0.000000  0.800000  0.028571  0.171429
 0.028571  0.885714  0.000000  0.085714
 0.000000  0.685714  0.085714  0.228571
 0.171429  0.714286  0.000000  0.114286
 0.085714  0.742857  0.085714  0.085714
URL http://jaspar.genereg.net/matrix/MA0079.2

MOTIF MA0102.2 MA0102.2.CEBPA
letter-probability matrix: alength= 4 w= 9 nsites= 18 E= 0
 0.166667  0.000000  0.000000  0.833333
 0.055556  0.055556  0.222222  0.666667
 0.222222  0.055556  0.333333  0.388889
 0.111111  0.500000  0.111111  0.277778
 0.222222  0.111111  0.555556  0.111111
 0.111111  0.833333  0.000000  0.055556
 1.000000  0.000000  0.000000  0.000000
 1.000000  0.000000  0.000000  0.000000
 0.000000  0.333333  0.111111  0.555556
URL http://jaspar.genereg.net/matrix/MA0102.2

MOTIF MA0259.1 MA0259.1.ARNT::HIF1A
letter-probability matrix: alength= 4 w= 8 nsites= 104 E= 0
 0.259615  0.269231  0.471154  0.000000
 0.096154  0.278846  0.326923  0.298077
 0.750000  0.019231  0.221154  0.009615
 0.000000  0.990385  0.000000  0.009615
 0.000000  0.000000  1.000000  0.000000
 0.000000  0.000000  0.000000  1.000000
 0.000000  0.000000  1.000000  0.000000
 0.173077  0.490385  0.192308  0.144231
URL http://jaspar.genereg.net/matrix/MA0259.1

MOTIF MA0442.1 MA0442.1.SOX10
letter-probability matrix: alength= 4 w= 6 nsites= 22 E= 0
 0.000000  0.863636  0.000000  0.136364
 0.363636  0.090909  0.090909  0.454545
 0.000000  0.045455  0.181818  0.772727
 0.000000  0.000000  0.000000  1.000000
 0.000000  0.136364  0.863636  0.000000
 0.000000  0.000000  0.045455  0.954545
URL http://jaspar.genereg.net/matrix/MA0442.1

MOTIF MA0141.2 MA0141.2.Esrrb
letter-probability matrix: alength= 4 w= 12 nsites= 3613 E= 0
 0.292001  0.221699  0.272350  0.213950
 0.185706  0.229581  0.373068  0.211645
 0.110897  0.333517  0.333517  0.222069
 0.071409  0.337819  0.123318  0.467454
 0.085573  0.727647  0.172792  0.013988
 0.915982  0.008758  0.067871  0.007389
 0.981411  0.000547  0.016402  0.001640
 0.009014  0.000546  0.982518  0.007921
 0.003278  0.003005  0.989347  0.004370
 0.049207  0.011755  0.066430  0.872608
 0.002462  0.928591  0.045691  0.023256
 0.952094  0.005749  0.035040  0.007117
URL http://jaspar.genereg.net/matrix/MA0141.2

MOTIF MA0143.2 MA0143.2.Sox2
letter-probability matrix: alength= 4 w= 15 nsites= 669 E= 0
 0.040359  0.666667  0.133034  0.159940
 0.029895  0.678625  0.032885  0.258595
 0.491779  0.008969  0.004484  0.494768
 0.002990  0.014948  0.008969  0.973094
 0.020927  0.000000  0.008969  0.970105
 0.053812  0.124066  0.793722  0.028401
 0.127246  0.005988  0.011976  0.854790
 0.094311  0.291916  0.113772  0.500000
 0.611111  0.187688  0.057057  0.144144
 0.039039  0.055556  0.039039  0.866366
 0.039098  0.115789  0.669173  0.175940
 0.046617  0.636090  0.126316  0.190977
 0.641566  0.063253  0.055723  0.239458
 0.552711  0.100904  0.234940  0.111446
 0.732628  0.090634  0.089124  0.087613
URL http://jaspar.genereg.net/matrix/MA0143.2

MOTIF MA0145.2 MA0145.2.Tfcp2l1
letter-probability matrix: alength= 4 w= 14 nsites= 4071 E= 0
 0.001965  0.925571  0.062638  0.009826
 0.069921  0.810599  0.005397  0.114082
 0.597011  0.005145  0.273640  0.124204
 0.005878  0.024002  0.967181  0.002939
 0.173892  0.337987  0.025227  0.462895
 0.098433  0.289667  0.061949  0.549951
 0.172988  0.398826  0.150722  0.277465
 0.357370  0.225373  0.250794  0.166463
 0.631720  0.069892  0.190616  0.107771
 0.394132  0.051834  0.308802  0.245232
 0.003918  0.933154  0.054603  0.008325
 0.062010  0.814706  0.002941  0.120343
 0.539897  0.007366  0.302480  0.150258
 0.012054  0.029028  0.954736  0.004182
URL http://jaspar.genereg.net/matrix/MA0145.2

MOTIF MA0146.2 MA0146.2.Zfx
letter-probability matrix: alength= 4 w= 14 nsites= 477 E= 0
 0.104822  0.373166  0.375262  0.146751
 0.123690  0.356394  0.362683  0.157233
 0.190377  0.315900  0.416318  0.077406
 0.150313  0.102296  0.620042  0.127349
 0.020790  0.617464  0.299376  0.062370
 0.012474  0.750520  0.004158  0.232848
 0.062370  0.257796  0.380457  0.299376
 0.397089  0.318087  0.253638  0.031185
 0.016632  0.004158  0.977131  0.002079
 0.000000  0.006237  0.991684  0.002079
 0.000000  1.000000  0.000000  0.000000
 0.000000  0.997921  0.000000  0.002079
 0.000000  0.002079  0.000000  0.997921
 0.175000  0.254167  0.454167  0.116667
URL http://jaspar.genereg.net/matrix/MA0146.2

MOTIF MA0461.1 MA0461.1.Atoh1
letter-probability matrix: alength= 4 w= 8 nsites= 7714 E= 0
 0.000000  1.000000  0.000000  0.000000
 1.000000  0.000000  0.000000  0.000000
 0.000000  0.000000  1.000000  0.000000
 0.550817  0.449183  0.000000  0.000000
 0.201841  0.000000  0.000000  0.798159
 0.000000  0.000000  1.000000  0.000000
 0.000000  0.000000  1.000000  0.000000
 0.000000  0.619653  0.000000  0.380347
URL http://jaspar.genereg.net/matrix/MA0461.1

MOTIF MA0463.1 MA0463.1.Bcl6
letter-probability matrix: alength= 4 w= 14 nsites= 956 E= 0
 0.199791  0.178870  0.256276  0.365063
 0.036611  0.023013  0.029289  0.911088
 0.005230  0.083682  0.031381  0.879707
 0.031381  0.916318  0.025105  0.027197
 0.000000  0.856695  0.000000  0.143305
 0.000000  0.000000  0.000000  1.000000
 0.466527  0.089958  0.422594  0.020921
 0.148536  0.000000  0.851464  0.000000
 0.984310  0.000000  0.011506  0.004184
 0.671548  0.105649  0.183054  0.039749
 0.643305  0.007322  0.222803  0.126569
 0.105649  0.096234  0.658996  0.139121
 0.197699  0.516736  0.121339  0.164226
 0.385983  0.196653  0.173640  0.243724
URL http://jaspar.genereg.net/matrix/MA0463.1

MOTIF MA0464.1 MA0464.1.Bhlhe40
letter-probability matrix: alength= 4 w= 11 nsites= 15804 E= 0
 0.102885  0.434574  0.399329  0.063212
 0.308087  0.033156  0.199064  0.459694
 0.000000  1.000000  0.000000  0.000000
 1.000000  0.000000  0.000000  0.000000
 0.000000  0.917046  0.000000  0.082954
 0.181916  0.070046  0.748038  0.000000
 0.000000  0.000000  0.000000  1.000000
 0.000000  0.000000  1.000000  0.000000
 0.244179  0.754176  0.001645  0.000000
 0.419451  0.269236  0.021830  0.289484
 0.128322  0.398190  0.232916  0.240572
URL http://jaspar.genereg.net/matrix/MA0464.1

MOTIF MA0467.1 MA0467.1.Crx
letter-probability matrix: alength= 4 w= 11 nsites= 2097 E= 0
 0.575584  0.141631  0.218407  0.064378
 0.693371  0.020505  0.198856  0.087268
 0.165474  0.026228  0.701001  0.107296
 0.449690  0.105866  0.392465  0.051979
 0.245589  0.000000  0.750596  0.003815
 0.000000  0.000000  1.000000  0.000000
 0.778255  0.221745  0.000000  0.000000
 0.000000  0.000000  0.000000  1.000000
 0.000000  0.013829  0.000000  0.986171
 0.951359  0.000000  0.000000  0.048641
 0.259418  0.024797  0.632332  0.083453
URL http://jaspar.genereg.net/matrix/MA0467.1

MOTIF MA0469.1 MA0469.1.E2F3
letter-probability matrix: alength= 4 w= 15 nsites= 2549 E= 0
 0.000000  0.549235  0.000000  0.450765
 0.000000  0.000000  0.000000  1.000000
 0.000000  1.000000  0.000000  0.000000
 0.000000  0.968615  0.031385  0.000000
 0.000000  1.000000  0.000000  0.000000
 0.000000  0.000000  0.878776  0.121224
 0.000000  1.000000  0.000000  0.000000
 0.000000  0.668105  0.238133  0.093762
 0.143193  0.520596  0.155747  0.180463
 0.107885  0.354257  0.291095  0.246763
 0.076893  0.586505  0.218125  0.118478
 0.421080  0.170820  0.265836  0.142264
 0.056594  0.558152  0.302181  0.083074
 0.228972  0.332295  0.103842  0.334891
 0.158359  0.372793  0.334372  0.134476
URL http://jaspar.genereg.net/matrix/MA0469.1

MOTIF MA0472.1 MA0472.1.Egr2
letter-probability matrix: alength= 4 w= 15 nsites= 1246 E= 0
 0.135634  0.459069  0.233547  0.171750
 0.270465  0.369181  0.144462  0.215891
 0.134831  0.459069  0.173355  0.232745
 0.310594  0.579454  0.052167  0.057785
 0.020867  0.951846  0.000000  0.027287
 0.359551  0.000000  0.483146  0.157303
 0.000000  1.000000  0.000000  0.000000
 0.121990  0.878010  0.000000  0.000000
 0.000000  0.938202  0.000000  0.061798
 0.849920  0.150080  0.000000  0.000000
 0.000000  1.000000  0.000000  0.000000
 0.369181  0.000000  0.464687  0.166132
 0.000000  0.835474  0.091493  0.073034
 0.447833  0.242376  0.159711  0.150080
 0.101926  0.495185  0.201445  0.201445
URL http://jaspar.genereg.net/matrix/MA0472.1

MOTIF MA0474.1 MA0474.1.Erg
letter-probability matrix: alength= 4 w= 11 nsites= 16727 E= 0
 0.563759  0.013810  0.351169  0.071262
 0.088061  0.626711  0.283135  0.002092
 0.956956  0.041430  0.001614  0.000000
 0.000000  0.000000  1.000000  0.000000
